4251: 365 112 375 450 556 | 22 24 88 50 156 | 
1: 101 181 299 71 364 | 
445: 24 941 1087 614 804 | 93 941 1087 614 804 | 
9162: 412 725 856 36 162 | 
77: 93 1477 2615 1697 2970 | 
2256: 63 779 931 571 812 | 300 249 311 171 312 | 
3: 428 749 851 102 408 | 
5821: 17 211 409 197 431 | 55 611 651 146 231 | 
394: 222 1308 2526 1748 2999 | 
888: 638 630 976 552 807 | 
78: 184 412 547 447 585 | 
703: 304 49 1156 292 400 | 
901: 43 158 341 278 541 | 
6143: 575 1639 2807 1184 2439 | 9 1639 2807 1184 2439 | 
7453: 25 145 284 403 670 | 
678: 207 1327 2431 1257 2346 | 
1682: 184 188 239 623 891 | 
